17
TMQ08828.1     100.000000 88.724036 80.792683 77.810651 64.792899 64.792899 65.384615 65.384615 64.201183 65.384615 65.384615 65.384615 64.497041 62.017804 61.834320 61.309524 63.313609
KAB2911747.1   88.724036 100.000000 80.487805 80.415430 66.172107 66.468843 67.655786 65.875371 64.688427 64.688427 64.391691 64.391691 63.798220 62.908012 62.017804 61.309524 64.094955
RMH39344.1     80.792683 80.487805 100.000000 79.268293 70.731707 69.512195 71.951220 70.121951 66.463415 68.292683 68.902439 69.207317 65.243902 67.378049 67.378049 66.768293 67.682927
WP_012829077.1 77.810651 80.415430 79.268293 100.000000 63.636364 64.516129 67.732558 64.222874 63.823529 63.313609 63.235294 63.049853 61.918605 59.940653 59.705882 59.821429 61.918605
WP_088740555.1 64.792899 66.172107 70.731707 63.636364 100.000000 67.448680 70.674487 67.155425 66.764706 67.751479 69.117647 69.501466 68.621701 66.468843 67.647059 68.154762 67.741935
PZN21878.1     64.792899 66.468843 69.512195 64.516129 67.448680 100.000000 64.516129 88.563050 71.764706 72.781065 80.882353 80.351906 71.847507 64.094955 63.529412 63.988095 81.231672
HGR91388.1     65.384615 67.655786 71.951220 67.732558 70.674487 64.516129 100.000000 64.809384 68.235294 65.976331 64.705882 63.929619 66.473988 65.875371 64.411765 64.583333 63.872832
RYZ02050.1     65.384615 65.875371 70.121951 64.222874 67.155425 88.563050 64.809384 100.000000 69.705882 72.189349 80.000000 79.765396 70.674487 63.204748 62.941176 63.988095 81.231672
KPK13240.1     64.201183 64.688427 66.463415 63.823529 66.764706 71.764706 68.235294 69.705882 100.000000 78.698225 72.941176 73.529412 81.764706 64.688427 62.058824 62.797619 70.294118
WP_053237565.1 65.384615 64.688427 68.292683 63.313609 67.751479 72.781065 65.976331 72.189349 78.698225 100.000000 72.781065 73.964497 84.615385 65.578635 63.905325 63.988095 73.668639
WP_146645159.1 65.384615 64.391691 68.902439 63.235294 69.117647 80.882353 64.705882 80.000000 72.941176 72.781065 100.000000 96.764706 73.529412 65.578635 65.882353 66.071429 83.529412
OJY21119.1     65.384615 64.391691 69.207317 63.049853 69.501466 80.351906 63.929619 79.765396 73.529412 73.964497 96.764706 100.000000 73.607038 65.281899 65.882353 65.773810 83.870968
RZO64477.1     64.497041 63.798220 65.243902 61.918605 68.621701 71.847507 66.473988 70.674487 81.764706 84.615385 73.529412 73.607038 100.000000 65.578635 63.529412 63.988095 70.809249
WP_096328163.1 62.017804 62.908012 67.378049 59.940653 66.468843 64.094955 65.875371 63.204748 64.688427 65.578635 65.578635 65.281899 65.578635 100.000000 86.350148 88.095238 64.391691
QII73738.1     61.834320 62.017804 67.378049 59.705882 67.647059 63.529412 64.411765 62.941176 62.058824 63.905325 65.882353 65.882353 63.529412 86.350148 100.000000 93.452381 64.411765
WP_106394684.1 61.309524 61.309524 66.768293 59.821429 68.154762 63.988095 64.583333 63.988095 62.797619 63.988095 66.071429 65.773810 63.988095 88.095238 93.452381 100.000000 64.583333
WP_081864787.1 63.313609 64.094955 67.682927 61.918605 67.741935 81.231672 63.872832 81.231672 70.294118 73.668639 83.529412 83.870968 70.809249 64.391691 64.411765 64.583333 100.000000
